(10000, 5024, 5025, 5025, 5026, 5031, 5037, 5042, 5048, 5053)
(10001, 5030, 5036, 5041, 5047, 5052)
(10002, 5016, 5022, 5027, 5033, 5038, 5044, 5049)
(10003, 5052, 5047, 5041, 5036, 5030, 5025, 5019, 5014, 5013, 5013, 5012, 5012, 5011)
(10004, 5030, 5025, 5019, 5014, 5008, 5003, 5002, 5002, 5001)
(10005, 5028, 5023, 5017, 5012, 5006)
(10006, 5029, 5024, 5018, 5013, 5007, 5002, 5001)
(10007, 5031, 5026, 5020, 5015, 5009, 5004, 5003, 5003, 5002, 5002, 5001)
(10008, 5049, 5044, 5038, 5033, 5027, 5022, 5016, 5011, 5005)
(10009, 5043, 5043, 5032, 5032, 5021, 5021, 5015, 5015, 5014, 5014, 5013, 5013, 5012)
(10010, 5051, 5046, 5040, 5035, 5029, 5024, 5018, 5013, 5007, 5002, 5001)
(10011, 5029, 5035, 5040, 5046, 5051)
(10012, 5029, 5024, 5018, 5013, 5007, 5002, 5001)
(10013, 5053, 5048, 5042, 5037, 5031, 5026, 5020, 5015, 5015)
(10014, 5025, 5026, 5026, 5032, 5032, 5043, 5043, 5054, 5054)
(10015, 5000, 5001, 5001, 5002, 5002, 5003, 5008, 5014, 5019, 5025, 5030, 5036, 5041)
(10016, 5030, 5025, 5019, 5014, 5008, 5003, 5002, 5002, 5001, 5001, 5000)
(10017, 5012, 5012, 5017, 5023, 5028, 5034, 5039, 5045, 5050)
(10018, 5027, 5033, 5038, 5044, 5049)
(10019, 5024, 5025, 5025, 5026, 5031, 5037, 5042, 5048, 5053)
(10020, 5040, 5035, 5029, 5024, 5018, 5013, 5007, 5002, 5002, 5003, 5003)
(10021, 5015, 5015, 5020, 5026, 5031, 5037, 5042, 5048, 5053)
(10022, 5003, 5004, 5004, 5010, 5010, 5021, 5021, 5032, 5032, 5043, 5043)
(10023, 5029, 5024, 5018, 5013, 5007, 5002, 5001)
(10024, 5038, 5033, 5027, 5022, 5016, 5011, 5005, 5000, 5000, 5001, 5001, 5002, 5002, 5003, 5003)
(10025, 5053, 5048, 5042, 5037, 5031, 5026, 5025)
(10026, 5039, 5034, 5028, 5023, 5017, 5012, 5011)
(10027, 5032, 5043, 5043, 5054, 5054)
(10028, 5003, 5004, 5009, 5015, 5020, 5026, 5031, 5037, 5042, 5048, 5053)
(10029, 5032, 5043, 5043, 5054, 5054)
(10030, 5039, 5034, 5028, 5023, 5017, 5012, 5006)
(10031, 5050, 5045, 5039, 5034, 5028, 5023, 5017, 5012, 5006, 5001, 5001, 5002, 5002, 5003, 5003)
(10032, 5012, 5013, 5013, 5014, 5019, 5025, 5030, 5036, 5041, 5047, 5052)
(10033, 5051, 5046, 5040, 5035, 5029, 5024, 5018, 5013, 5007, 5002, 5002, 5003, 5003, 5004, 5004)
(10034, 5001, 5002, 5002, 5003, 5003, 5004, 5009, 5015, 5020, 5026, 5031)
(10035, 5005, 5011, 5016, 5022, 5027)
(10036, 5011, 5012, 5017, 5023, 5028, 5034, 5039, 5045, 5050)
(10037, 5027, 5022, 5016, 5011, 5005)
(10038, 5053, 5048, 5042, 5037, 5031, 5026, 5020, 5015, 5009, 5004, 5004)
(10039, 5015, 5021, 5021, 5032, 5032, 5043, 5043, 5054, 5054)
(10040, 5049, 5044, 5038, 5033, 5027, 5022, 5016, 5011, 5005, 5000, 5000, 5001, 5001, 5002, 5002, 5003, 5003, 5004, 5004)
(10041, 5030, 5036, 5041, 5047, 5052)
(10042, 5049, 5044, 5038, 5033, 5027, 5022, 5016, 5011, 5011, 5012, 5012)
(10043, 5040, 5035, 5029, 5024, 5018)
(10044, 5031, 5026, 5020, 5015, 5009, 5004, 5003, 5003, 5002, 5002, 5001)
(10045, 5001, 5002, 5002, 5003, 5003, 5004, 5009, 5015, 5020, 5026, 5031, 5037, 5042)
(10046, 5030, 5025, 5019, 5014, 5008, 5003, 5002, 5002, 5001, 5001, 5000)
(10047, 5030, 5036, 5041, 5047, 5052)
(10048, 5005, 5011, 5016, 5022, 5027, 5033, 5038, 5044, 5049)
(10049, 5003, 5004, 5009, 5015, 5020, 5026, 5031)
(10050, 5024, 5025, 5030, 5036, 5041, 5047, 5052)
(10051, 5013, 5014, 5014, 5015, 5015, 5021, 5021, 5032, 5032, 5043, 5043)
(10052, 5028, 5034, 5039, 5045, 5050)
(10053, 5013, 5014, 5014, 5015, 5015, 5021, 5021, 5032, 5032, 5043, 5043)
(10054, 5012, 5013, 5013, 5014, 5014, 5015, 5020, 5026, 5031, 5037, 5042, 5048, 5053)
(10055, 5001, 5002, 5002, 5003, 5008, 5014, 5019, 5025, 5030)
(10056, 5025, 5026, 5031, 5037, 5042, 5048, 5053)
(10057, 5049, 5044, 5038, 5033, 5027, 5022, 5016, 5011, 5011, 5012, 5012, 5013, 5013)
(10058, 5032, 5032, 5021, 5021, 5010, 5010, 5004, 5004, 5003)
(10059, 5003, 5004, 5009, 5015, 5020, 5026, 5031, 5037, 5042)
(10060, 5023, 5024, 5024, 5025, 5025, 5026, 5026, 5032, 5032, 5043, 5043, 5054, 5054)
(10061, 5015, 5015, 5014, 5014, 5019, 5025, 5030, 5036, 5041, 5047, 5052)
(10062, 5008, 5014, 5019, 5025, 5030)
(10063, 5022, 5023, 5023, 5024, 5029, 5035, 5040, 5046, 5051)
(10064, 5031, 5026, 5020, 5015, 5009, 5004, 5003, 5003, 5002, 5002, 5001, 5001, 5000)
(10065, 5001, 5001, 5000, 5000, 5005, 5011, 5016, 5022, 5027, 5033, 5038, 5044, 5049)
(10066, 5053, 5048, 5042, 5037, 5031, 5026, 5020, 5015, 5014, 5014, 5013, 5013, 5012, 5012, 5011)
(10067, 5032, 5043, 5043, 5054, 5054)
(10068, 5004, 5004, 5003, 5003, 5002, 5002, 5007, 5013, 5018, 5024, 5029, 5035, 5040, 5046, 5051)
(10069, 5012, 5012, 5017, 5023, 5028, 5034, 5039, 5045, 5050)
(10070, 5025, 5026, 5026, 5032, 5032, 5043, 5043, 5054, 5054)
(10071, 5053, 5048, 5042, 5037, 5031, 5026, 5025)
(10072, 5052, 5047, 5041, 5036, 5030, 5025, 5019, 5014, 5008, 5003, 5002, 5002, 5001)
(10073, 5031, 5026, 5020, 5015, 5009, 5004, 5003, 5003, 5002, 5002, 5001)
(10074, 5051, 5046, 5040, 5035, 5029, 5024, 5023)
(10075, 5026, 5032, 5032, 5043, 5043, 5054, 5054)
(10076, 5051, 5046, 5040, 5035, 5029, 5024, 5018, 5013, 5007, 5002, 5001)
(10077, 5007, 5013, 5018, 5024, 5029, 5035, 5040)
(10078, 5001, 5001, 5006, 5012, 5017, 5023, 5028, 5034, 5039, 5045, 5050)
(10079, 5024, 5025, 5030, 5036, 5041, 5047, 5052)
(10080, 5032, 5032, 5021, 5021, 5010, 5010, 5004, 5004, 5003, 5003, 5002, 5002, 5001)
(10081, 5013, 5014, 5019, 5025, 5030, 5036, 5041)
(10082, 5040, 5035, 5029, 5024, 5018, 5013, 5007, 5002, 5001, 5001, 5000)
(10083, 5054, 5054, 5043, 5043, 5032, 5032, 5021, 5021, 5010)
(10084, 5014, 5015, 5015, 5021, 5021, 5032, 5032, 5043, 5043)
(10085, 5052, 5047, 5041, 5036, 5030, 5025, 5019, 5014, 5014, 5015, 5015)
(10086, 5038, 5033, 5027, 5022, 5016, 5011, 5005, 5000, 5000, 5001, 5001)
(10087, 5029, 5024, 5018, 5013, 5007, 5002, 5001, 5001, 5000)
(10088, 5032, 5043, 5043, 5054, 5054)
(10089, 5030, 5025, 5019, 5014, 5008, 5003, 5002)
(10090, 5003, 5004, 5009, 5015, 5020, 5026, 5031)
(10091, 5053, 5048, 5042, 5037, 5031, 5026, 5020, 5015, 5009)
(10092, 5040, 5035, 5029, 5024, 5018, 5013, 5012, 5012, 5011)
(10093, 5027, 5022, 5016, 5011, 5005)
(10094, 5030, 5025, 5019, 5014, 5008)
(10095, 5032, 5032, 5021, 5021, 5010)
(10096, 5052, 5047, 5041, 5036, 5030, 5025, 5024, 5024, 5023)
(10097, 5023, 5024, 5024, 5025, 5025, 5026, 5031, 5037, 5042, 5048, 5053)
(10098, 5021, 5032, 5032, 5043, 5043)
(10099, 5054, 5054, 5043, 5043, 5032, 5032, 5021)
(10100, 5028, 5034, 5039, 5045, 5050)
(10101, 5011, 5011, 5016, 5022, 5027, 5033, 5038, 5044, 5049)
(10102, 5028, 5023, 5017, 5012, 5006)
(10103, 5000, 5001, 5001, 5002, 5002, 5003, 5003, 5004, 5004, 5010, 5010, 5021, 5021, 5032, 5032, 5043, 5043, 5054, 5054)
(10104, 5018, 5024, 5029, 5035, 5040, 5046, 5051)
(10105, 5025, 5026, 5026, 5032, 5032, 5043, 5043, 5054, 5054)
(10106, 5039, 5034, 5028, 5023, 5017, 5012, 5011)
(10107, 5003, 5003, 5002, 5002, 5007, 5013, 5018, 5024, 5029, 5035, 5040, 5046, 5051)
(10108, 5038, 5033, 5027, 5022, 5016)
(10109, 5028, 5034, 5039, 5045, 5050)
(10110, 5015, 5021, 5021, 5032, 5032, 5043, 5043)
(10111, 5050, 5045, 5039, 5034, 5028, 5023, 5017, 5012, 5012, 5013, 5013)
(10112, 5026, 5032, 5032, 5043, 5043, 5054, 5054)
(10113, 5038, 5033, 5027, 5022, 5016, 5011, 5005, 5000, 5000, 5001, 5001, 5002, 5002, 5003, 5003)
(10114, 5011, 5012, 5012, 5013, 5013, 5014, 5014, 5015, 5015, 5021, 5021, 5032, 5032, 5043, 5043)
(10115, 5006, 5012, 5017, 5023, 5028, 5034, 5039)
(10116, 5041, 5036, 5030, 5025, 5019, 5014, 5008, 5003, 5002, 5002, 5001)
(10117, 5023, 5024, 5029, 5035, 5040, 5046, 5051)
(10118, 5011, 5012, 5017, 5023, 5028, 5034, 5039)
(10119, 5039, 5034, 5028, 5023, 5017, 5012, 5006, 5001, 5000)
(10120, 5028, 5023, 5017, 5012, 5006)
(10121, 5051, 5046, 5040, 5035, 5029, 5024, 5018, 5013, 5012, 5012, 5011)
(10122, 5011, 5011, 5016, 5022, 5027, 5033, 5038, 5044, 5049)
(10123, 5053, 5048, 5042, 5037, 5031, 5026, 5020)
(10124, 5041, 5036, 5030, 5025, 5019, 5014, 5008, 5003, 5003)
(10125, 5014, 5015, 5020, 5026, 5031, 5037, 5042, 5048, 5053)
(10126, 5009, 5015, 5020, 5026, 5031, 5037, 5042, 5048, 5053)
(10127, 5028, 5023, 5017, 5012, 5006)
